version https://git-lfs.github.com/spec/v1
oid sha256:dc0e19771825e9b90f82956bbfa7de9485c388c64329b990e04e089bc353b41c
size 21548
