version https://git-lfs.github.com/spec/v1
oid sha256:e2c43c60265db86a9ca9c3fa9312bdca24f232db82ed590732ba33a33c05d834
size 2203
