version https://git-lfs.github.com/spec/v1
oid sha256:a4725e717f427c16d0e3d6247be217fcff0d1ac652b75c24928ac0f67c6164dc
size 2029
